   31     1    31000120     47.44    46.78        1.01         3150

               31000413      1.41     1.38        1.02       1/2240      1.70%    1.00

   30     1    30000186     46.08    45.40        1.01         3150

               30000081      1.43     1.41        1.02       1/2204      2.13%    0.78

   29     1    29000186     44.69    43.99        1.02         3150

               29000081      1.46     1.44        1.02       1/2159      2.56%    0.86

   28     1    28000120     43.28    42.55        1.02         3150

               28000413      1.49     1.47        1.01       1/2107      2.80%    0.87

   27     1    27000120     41.83    41.08        1.02         3150

               27000081      1.53     1.51        1.01       1/2053      2.91%    0.88

   26     1    26000120     40.33    39.57        1.02         3150

               26000081      1.58     1.56        1.01       1/1998      2.91%    0.88

   25     1    25000120     38.79    38.01        1.02         3150

               25000413      1.62     1.60        1.01       1/1945      2.83%    0.88

   24     1    24000186     37.21    36.40        1.02         3150

               24000081      1.66     1.65        1.01       1/1895      2.68%    0.88

   23     1    23000186     35.57    34.75        1.02         3150

               23000081      1.70     1.69        1.01       1/1849      2.48%    0.88

   22     1    22000120     33.89    33.06        1.02         3150

               22000413      1.74     1.74        1.00       1/1808      2.23%    0.88

   21     1    21000186     32.16    31.33        1.03         3150

               21000413      1.78     1.77        1.00       1/1772      1.93%    0.87

   20     1    20000120     30.39    29.55        1.03         3150

               20000322      1.81     1.81        1.00       1/1742      1.47%    0.87

   19     1    19000186     28.58    27.74        1.03         3150

               19000120      1.84     1.83        1.00       1/1712      1.22%    0.86

   18     1    18000120     26.74    25.91        1.03         3150

               18000322      1.87     1.86        1.00       1/1688      0.88%    0.86

   17     1    17000120     24.87    24.05        1.03         3150

               17000120      1.89     1.87        1.01       1/1670      0.47%    0.85

   16     1    16000120     22.99    22.18        1.04         3150

               16000120      1.90     1.88        1.01       1/1658      0.01%    0.85

   15     1    15000186     21.09    20.29        1.04         3150

               15000120      1.90     1.88        1.01       1/1654      0.57%    0.84

   14     1    14000186     19.18    18.41        1.04         3150

               14000120      1.90     1.87        1.01       1/1660      1.03%    0.83

   13     1    13000186     17.29    16.54        1.05         3150

               13000120      1.88     1.85        1.02       1/1672      1.67%    0.82

   12     1    12000186     15.40    14.69        1.05         3150

               12000120      1.86     1.82        1.02       1/1696      2.44%    0.81

   11     1    11000120     13.54    12.87        1.05         3150

               11000120      1.82     1.78        1.02       1/1733      3.39%    0.80

   10     1    10000120     11.73    11.09        1.06         3150

               10000186      1.76     1.72        1.03       1/1787      4.32%    0.79

    9     1     9000120      9.96     9.37        1.06         3150

                9000322      1.69     1.64        1.03       1/1859      5.68%    0.77

    8     1     8000186      8.27     7.73        1.07         3150

                8000120      1.61     1.55        1.04       1/1959      7.47%    0.75

    7     1     7000120      6.66     6.18        1.08         3150

                7000120      1.50     1.43        1.05       1/2101     10.06%    0.73

    6     1     6000186      5.16     4.74        1.09         3150

                6000186      1.37     1.29        1.06       1/2304     13.56%    0.70

    5     1     5000120      3.79     3.45        1.10         3150

                5000322      1.21     1.12        1.08       1/2614     19.50%    0.66

    4     1     4000120      2.59     2.34        1.11         3150

                4000120      1.02     0.87        1.18       1/3095     28.57%    0.62

    3     1     3000108      1.60     1.44        1.11         3150

                3000108      0.82     0.35        2.34       1/3847     18.79%    0.55

    2     1     2000063      0.94     0.80        1.18         3150

                2000063      0.62     0.54        1.00       1/5077     54.26%    0.62

    1     1     1000061      0.33     0.26        1.26         3150

                1000061      0.33     0.26        1.00       1/9514    100.00%    0.35

