层号   塔号  风向    顺风外力    顺风剪力    顺风倾覆弯矩
8     1     X        44.9        44.9          132.6
Y        70.6        70.6          208.2
7     1     X        41.0        85.9          386.0
Y       126.1       196.7          788.3
6     1     X        37.1       123.0          748.7
Y       114.5       311.1         1706.1
5     1     X        33.1       156.1         1209.2
Y       102.6       413.8         2926.7
4     1     X        29.7       185.8         1757.4
Y        92.5       506.3         4420.4
3     1     X        27.4       213.2         2386.4
Y        85.8       592.1         6167.1
2     1     X        24.9       238.1         3088.7
Y        78.5       670.6         8145.4
1     1     X         0.0       238.1         4302.9
Y         0.0       670.6        11565.6
