1 -3107.9 4.7 -61.0 -192.5 -14.2
1 -3107.9 4.7 -61.0 94.3 7.7
1 -2900.7 4.5 -59.0 -186.3 -13.6
1 -2900.7 4.5 -59.0 91.2 7.4
2 -2550.8 3.7 -48.3 -152.5 -11.3
2 -2550.8 3.7 -48.3 74.6 6.1
2 -2343.6 3.5 -46.3 -146.2 -10.7
2 -2343.6 3.5 -46.3 71.6 5.8
3 -2425.3 2.3 -55.1 -173.6 -6.5
3 -2425.3 2.3 -55.1 85.2 4.5
4 -2402.8 5.9 -55.0 -173.4 -18.4
4 -2402.8 5.9 -55.0 85.0 9.3
5 -2411.2 4.2 -58.8 -185.8 -12.7
5 -2411.2 4.2 -58.8 90.7 7.0
6 -2416.8 4.1 -51.2 -161.2 -12.2
6 -2416.8 4.1 -51.2 79.4 6.9
7 -3114.7 3.6 -61.0 -192.6 -10.6
7 -3114.7 3.6 -61.0 94.3 6.3
7 -2907.4 3.4 -59.1 -186.3 -10.0
7 -2907.4 3.4 -59.1 91.3 5.9
8 -3101.2 5.7 -61.0 -192.5 -17.8
8 -3101.2 5.7 -61.0 94.2 9.2
8 -2893.9 5.5 -59.0 -186.2 -17.2
8 -2893.9 5.5 -59.0 91.2 8.8
9 -3106.2 4.7 -63.3 -199.9 -14.4
9 -3106.2 4.7 -63.3 97.7 7.8
9 -2899.0 4.5 -61.3 -193.7 -13.7
9 -2899.0 4.5 -61.3 94.6 7.4
10 -3109.6 4.6 -58.7 -185.2 -14.1
10 -3109.6 4.6 -58.7 90.9 7.7
10 -2902.4 4.4 -56.7 -178.9 -13.5
10 -2902.4 4.4 -56.7 87.8 7.3
11 -2911.4 2.7 -59.2 -186.7 -7.7
11 -2911.4 2.7 -59.2 91.5 5.0
12 -2888.9 6.3 -59.1 -186.5 -19.6
12 -2888.9 6.3 -59.1 91.3 9.8
13 -2897.3 4.6 -63.0 -198.9 -13.9
13 -2897.3 4.6 -63.0 97.0 7.5
14 -2903.0 4.4 -55.3 -174.3 -13.4
14 -2903.0 4.4 -55.3 85.7 7.4
15 -1868.2 1.4 -42.4 -133.6 -3.6
15 -1868.2 1.4 -42.4 65.5 2.9
16 -1845.7 4.9 -42.3 -133.4 -15.5
16 -1845.7 4.9 -42.3 65.4 7.7
17 -1854.1 3.2 -46.1 -145.8 -9.8
17 -1854.1 3.2 -46.1 71.1 5.4
18 -1859.8 3.1 -38.5 -121.2 -9.3
18 -1859.8 3.1 -38.5 59.8 5.3
19 -2557.6 2.6 -48.3 -152.5 -7.8
19 -2557.6 2.6 -48.3 74.7 4.7
19 -2350.3 2.4 -46.4 -146.3 -7.2
19 -2350.3 2.4 -46.4 71.6 4.3
20 -2544.1 4.8 -48.3 -152.4 -14.9
20 -2544.1 4.8 -48.3 74.6 7.6
20 -2336.8 4.6 -46.3 -146.2 -14.3
20 -2336.8 4.6 -46.3 71.5 7.2
21 -2549.1 3.8 -50.6 -159.9 -11.5
21 -2549.1 3.8 -50.6 78.0 6.2
21 -2341.9 3.6 -48.6 -153.6 -10.9
21 -2341.9 3.6 -48.6 75.0 5.8
22 -2552.5 3.7 -46.0 -145.1 -11.2
22 -2552.5 3.7 -46.0 71.2 6.1
22 -2345.3 3.5 -44.1 -138.9 -10.6
22 -2345.3 3.5 -44.1 68.2 5.7
23 -2354.3 1.8 -46.5 -146.7 -4.8
23 -2354.3 1.8 -46.5 71.8 3.4
24 -2331.8 5.3 -46.4 -146.5 -16.7
24 -2331.8 5.3 -46.4 71.7 8.2
25 -2340.2 3.6 -50.3 -158.8 -11.0
25 -2340.2 3.6 -50.3 77.4 5.9
26 -2345.9 3.5 -42.6 -134.3 -10.5
26 -2345.9 3.5 -42.6 66.1 5.8
27 -2541.1 -3.3 -84.2 -220.5 9.1
27 -2541.1 -3.3 -84.2 109.2 22.4
27 -2542.8 -3.6 -84.1 -220.4 9.9
27 -2542.8 -3.6 -84.1 109.1 22.7
27 -2539.5 -3.1 -84.2 -220.6 8.3
27 -2539.5 -3.1 -84.2 109.3 22.2
27 -2539.3 -3.2 -87.1 -229.0 8.7
27 -2539.3 -3.2 -87.1 112.3 22.5
28 -2469.6 16.0 -82.1 -216.4 -40.9
28 -2469.6 16.0 -82.1 105.0 -4.8
28 -2468.0 16.2 -82.1 -216.5 -41.7
28 -2468.0 16.2 -82.1 105.1 -5.0
28 -2471.3 15.7 -82.0 -216.3 -40.1
28 -2471.3 15.7 -82.0 104.9 -4.6
28 -2471.5 15.9 -79.1 -207.9 -40.5
28 -2471.5 15.9 -79.1 101.9 -4.9
29 -2497.0 4.2 -102.7 -270.8 -11.9
29 -2497.0 4.2 -102.7 131.5 4.7
29 -2498.2 4.2 -102.7 -270.7 -11.8
29 -2498.2 4.2 -102.7 131.5 4.6
29 -2495.8 4.2 -102.7 -270.9 -11.7
29 -2495.8 4.2 -102.7 131.5 4.7
29 -2491.3 8.8 -102.3 -269.8 -21.9
29 -2491.3 8.8 -102.3 131.0 4.9
30 -2513.8 8.4 -63.5 -166.2 -19.9
30 -2513.8 8.4 -63.5 82.7 12.9
30 -2512.6 8.4 -63.6 -166.3 -19.9
30 -2512.6 8.4 -63.6 82.7 13.0
30 -2515.0 8.4 -63.5 -166.1 -20.1
30 -2515.0 8.4 -63.5 82.6 12.9
30 -2519.5 3.8 -63.9 -167.2 -9.9
30 -2519.5 3.8 -63.9 83.1 12.7
31 -2123.6 -4.4 -70.3 -184.1 11.7
31 -2123.6 -4.4 -70.3 91.3 21.0
31 -2125.2 -4.7 -70.3 -184.0 12.5
31 -2125.2 -4.7 -70.3 91.2 21.2
31 -2121.9 -4.1 -70.4 -184.2 10.9
31 -2121.9 -4.1 -70.4 91.5 20.7
31 -2121.7 -4.3 -73.3 -192.6 11.3
31 -2121.7 -4.3 -73.3 94.5 21.0
32 -2052.1 14.9 -68.2 -180.0 -38.2
32 -2052.1 14.9 -68.2 87.1 -6.3
32 -2050.4 15.2 -68.3 -180.1 -39.0
32 -2050.4 15.2 -68.3 87.2 -6.5
32 -2053.7 14.6 -68.2 -179.9 -37.4
32 -2053.7 14.6 -68.2 87.0 -6.0
32 -2053.9 14.8 -65.3 -171.5 -37.8
32 -2053.9 14.8 -65.3 84.0 -6.3
33 -2079.5 3.2 -88.8 -234.4 -9.2
33 -2079.5 3.2 -88.8 113.7 3.2
33 -2080.6 3.2 -88.8 -234.3 -9.2
33 -2080.6 3.2 -88.8 113.6 3.2
33 -2078.2 3.2 -88.9 -234.5 -9.1
33 -2078.2 3.2 -88.9 113.7 3.3
33 -2073.8 7.7 -88.5 -233.4 -19.3
33 -2073.8 7.7 -88.5 113.2 3.5
34 -2096.2 7.3 -49.7 -129.7 -17.3
34 -2096.2 7.3 -49.7 64.8 11.5
34 -2095.0 7.4 -49.7 -129.8 -17.3
34 -2095.0 7.4 -49.7 64.9 11.5
34 -2097.4 7.3 -49.7 -129.7 -17.4
34 -2097.4 7.3 -49.7 64.8 11.4
34 -2101.9 2.8 -50.1 -130.8 -7.2
34 -2101.9 2.8 -50.1 65.3 11.2
1 -2307.0 14.2 -7.5 -22.7 -44.5
1 -2307.0 14.2 -7.5 12.4 22.3
1 -2164.3 13.8 -6.6 -19.9 -43.3
1 -2164.3 13.8 -6.6 11.1 21.7
2 -1872.4 11.4 -7.9 -24.4 -35.6
2 -1872.4 11.4 -7.9 12.9 17.8
2 -1729.7 11.0 -7.1 -21.6 -34.4
2 -1729.7 11.0 -7.1 11.5 17.2
3 -1908.8 11.5 2.0 7.5 -35.4
3 -1908.8 11.5 2.0 -2.1 18.6
4 -1857.7 13.2 1.9 7.1 -41.6
4 -1857.7 13.2 1.9 -2.0 20.5
5 -1860.5 11.9 -1.0 -2.3 -37.3
5 -1860.5 11.9 -1.0 2.3 18.9
6 -1905.9 12.8 5.0 16.9 -39.8
6 -1905.9 12.8 5.0 -6.4 20.2
7 -2322.3 13.7 -7.4 -22.6 -42.6
7 -2322.3 13.7 -7.4 12.4 21.7
7 -2179.6 13.3 -6.6 -19.8 -41.5
7 -2179.6 13.3 -6.6 11.0 21.1
8 -2291.6 14.7 -7.5 -22.8 -46.3
8 -2291.6 14.7 -7.5 12.5 22.9
8 -2148.9 14.3 -6.6 -20.1 -45.2
8 -2148.9 14.3 -6.6 11.1 22.2
9 -2293.3 14.0 -9.3 -28.4 -43.7
9 -2293.3 14.0 -9.3 15.0 21.9
9 -2150.7 13.6 -8.4 -25.7 -42.6
9 -2150.7 13.6 -8.4 13.7 21.3
10 -2320.6 14.5 -5.7 -17.0 -45.2
10 -2320.6 14.5 -5.7 9.8 22.7
10 -2177.9 14.1 -4.8 -14.2 -44.1
10 -2177.9 14.1 -4.8 8.4 22.1
11 -2199.0 12.9 -5.4 -16.1 -39.9
11 -2199.0 12.9 -5.4 9.3 20.6
12 -2147.9 14.6 -5.5 -16.5 -46.0
12 -2147.9 14.6 -5.5 9.4 22.5
13 -2150.7 13.3 -8.4 -25.8 -41.7
13 -2150.7 13.3 -8.4 13.7 20.9
14 -2196.1 14.1 -2.5 -6.7 -44.2
14 -2196.1 14.1 -2.5 5.0 22.2
15 -1474.2 8.6 1.6 5.8 -26.6
15 -1474.2 8.6 1.6 -1.6 14.1
16 -1423.1 10.4 1.5 5.4 -32.7
16 -1423.1 10.4 1.5 -1.5 16.0
17 -1426.0 9.1 -1.4 -3.9 -28.4
17 -1426.0 9.1 -1.4 2.8 14.4
18 -1471.3 9.9 4.5 15.2 -30.9
18 -1471.3 9.9 4.5 -5.9 15.7
19 -1887.7 10.8 -7.9 -24.3 -33.8
19 -1887.7 10.8 -7.9 12.9 17.2
19 -1745.0 10.5 -7.0 -21.5 -32.6
19 -1745.0 10.5 -7.0 11.5 16.6
20 -1857.0 11.9 -8.0 -24.5 -37.4
20 -1857.0 11.9 -8.0 12.9 18.3
20 -1714.4 11.5 -7.1 -21.8 -36.3
20 -1714.4 11.5 -7.1 11.6 17.7
21 -1858.7 11.1 -9.7 -30.1 -34.8
21 -1858.7 11.1 -9.7 15.5 17.4
21 -1716.1 10.7 -8.8 -27.4 -33.7
21 -1716.1 10.7 -8.8 14.1 16.7
22 -1886.0 11.6 -6.2 -18.6 -36.4
22 -1886.0 11.6 -6.2 10.3 18.2
22 -1743.3 11.2 -5.3 -15.9 -35.2
22 -1743.3 11.2 -5.3 8.9 17.6
23 -1764.4 10.0 -5.9 -17.8 -31.0
23 -1764.4 10.0 -5.9 9.7 16.1
24 -1713.3 11.7 -6.0 -18.1 -37.1
24 -1713.3 11.7 -6.0 9.8 18.0
25 -1716.1 10.5 -8.9 -27.5 -32.8
25 -1716.1 10.5 -8.9 14.1 16.3
26 -1761.5 11.3 -2.9 -8.4 -35.3
26 -1761.5 11.3 -2.9 5.4 17.7
27 -1995.6 28.2 -2.4 -4.4 -69.7
27 -1995.6 28.2 -2.4 5.0 41.3
27 -1988.7 27.7 -2.3 -4.3 -68.6
27 -1988.7 27.7 -2.3 4.9 40.7
27 -2002.4 28.6 -2.5 -4.6 -70.8
27 -2002.4 28.6 -2.5 5.1 42.0
27 -1982.5 28.5 -4.1 -9.5 -70.5
27 -1982.5 28.5 -4.1 6.6 41.9
28 -1837.2 9.4 -0.3 -0.3 -28.0
28 -1837.2 9.4 -0.3 0.9 8.2
28 -1844.1 9.9 -0.4 -0.4 -29.2
28 -1844.1 9.9 -0.4 1.0 8.8
28 -1830.4 9.0 -0.3 -0.1 -26.9
28 -1830.4 9.0 -0.3 0.8 7.5
28 -1850.3 9.1 1.4 4.8 -27.3
28 -1850.3 9.1 1.4 -0.7 7.5
29 -1837.1 22.1 -16.1 -41.8 -41.7
29 -1837.1 22.1 -16.1 21.2 30.4
29 -1831.4 21.9 -16.1 -42.0 -55.6
29 -1831.4 21.9 -16.1 21.3 30.4
29 -1842.8 22.2 -16.0 -41.7 -41.1
29 -1842.8 22.2 -16.0 21.2 30.5
29 -1825.9 16.8 -15.9 -41.2 -44.6
29 -1825.9 16.8 -15.9 21.0 21.3
30 -1995.7 15.5 13.4 37.1 -56.1
30 -1995.7 15.5 13.4 -15.4 19.0
30 -2001.4 15.6 13.4 37.3 -42.1
30 -2001.4 15.6 13.4 -15.4 19.1
30 -1990.0 15.4 13.3 37.0 -56.7
30 -1990.0 15.4 13.3 -15.3 19.0
30 -2006.9 20.7 13.2 36.5 -53.2
30 -2006.9 20.7 13.2 -15.1 28.2
31 -1676.2 25.0 -2.2 -4.1 -61.6
31 -1676.2 25.0 -2.2 4.5 37.2
31 -1669.3 24.6 -2.1 -3.9 -60.4
31 -1669.3 24.6 -2.1 4.4 36.6
31 -1683.0 25.5 -2.2 -4.2 -62.7
31 -1683.0 25.5 -2.2 4.6 37.9
31 -1663.1 25.4 -3.9 -9.2 -62.3
31 -1663.1 25.4 -3.9 6.1 37.8
32 -1517.8 6.3 -0.1 0.1 -19.9
32 -1517.8 6.3 -0.1 0.4 4.0
32 -1524.7 6.7 -0.2 -0.0 -21.0
32 -1524.7 6.7 -0.2 0.5 4.7
32 -1511.0 5.8 -0.0 0.3 -18.8
32 -1511.0 5.8 -0.0 0.3 3.4
32 -1530.9 5.9 1.6 5.2 -19.1
32 -1530.9 5.9 1.6 -1.2 3.4
33 -1517.7 18.9 -15.9 -41.4 -33.5
33 -1517.7 18.9 -15.9 20.7 26.3
33 -1512.0 18.8 -15.9 -41.6 -47.5
33 -1512.0 18.8 -15.9 20.8 26.3
33 -1523.4 19.1 -15.8 -41.3 -33.0
33 -1523.4 19.1 -15.8 20.7 26.4
33 -1506.5 13.7 -15.6 -40.8 -36.5
33 -1506.5 13.7 -15.6 20.5 17.2
34 -1676.3 12.4 13.6 37.5 -47.9
34 -1676.3 12.4 13.6 -15.8 14.9
34 -1682.0 12.5 13.6 37.7 -34.0
34 -1682.0 12.5 13.6 -15.9 14.9
34 -1670.6 12.2 13.5 37.4 -48.5
34 -1670.6 12.2 13.5 -15.8 14.8
34 -1687.5 17.6 13.4 36.9 -45.0
34 -1687.5 17.6 13.4 -15.6 24.1
